CellBorder
0,105,139
0,105,140
0,105,141
0,105,142
0,105,143
0,105,144
0,105,145
0,105,146
0,105,147
0,105,148
0,105,149
0,105,150
0,105,151
0,105,152
0,105,153
0,105,154
0,105,155
0,105,156
0,105,157
0,105,158
0,105,159
0,105,160
0,105,161
0,106,139
0,106,161
0,107,139
0,107,161
0,108,139
0,108,161
0,109,139
0,109,161
0,110,139
0,110,161
0,111,139
0,111,161
0,112,139
0,112,161
0,113,139
0,113,161
0,114,139
0,114,161
0,115,139
0,115,161
0,116,139
0,116,161
0,117,139
0,117,161
0,118,139
0,118,161
0,119,139
0,119,161
0,120,139
0,120,161
0,121,139
0,121,161
0,122,139
0,122,161
0,123,139
0,123,161
0,124,139
0,124,161
0,125,139
0,125,161
0,126,139
0,126,161
0,127,139
0,127,161
0,128,139
0,128,161
0,129,139
0,129,161
0,130,139
0,130,161
0,131,139
0,131,161
0,132,139
0,132,161
0,133,139
0,133,161
0,134,139
0,134,161
0,135,139
0,135,161
0,136,139
0,136,161
0,137,139
0,137,161
0,138,139
0,138,161
0,139,139
0,139,161
0,140,139
0,140,161
0,141,139
0,141,161
0,142,139
0,142,161
0,143,139
0,143,161
0,144,139
0,144,161
0,145,139
0,145,140
0,145,141
0,145,142
0,145,143
0,145,144
0,145,145
0,145,146
0,145,147
0,145,148
0,145,149
0,145,150
0,145,151
0,145,152
0,145,153
0,145,154
0,145,155
0,145,156
0,145,157
0,145,158
0,145,159
0,145,160
0,155,139
0,155,140
0,155,141
0,155,142
0,155,143
0,155,144
0,155,145
0,155,146
0,155,147
0,155,148
0,155,149
0,155,150
0,155,151
0,155,152
0,155,153
0,155,154
0,155,155
0,155,156
0,155,157
0,155,158
0,155,159
0,155,160
0,155,161
0,156,139
0,156,161
0,157,139
0,157,161
0,158,139
0,158,161
0,159,139
0,159,161
0,160,139
0,160,161
0,161,139
0,161,161
0,162,139
0,162,161
0,163,139
0,163,161
0,164,139
0,164,161
0,165,139
0,165,161
0,166,139
0,166,161
0,167,139
0,167,161
0,168,139
0,168,161
0,169,139
0,169,161
0,170,139
0,170,161
0,171,139
0,171,161
0,172,139
0,172,161
0,173,139
0,173,161
0,174,139
0,174,161
0,175,139
0,175,161
0,176,139
0,176,161
0,177,139
0,177,161
0,178,139
0,178,161
0,179,139
0,179,161
0,180,139
0,180,161
0,181,139
0,181,161
0,182,139
0,182,161
0,183,139
0,183,161
0,184,139
0,184,161
0,185,139
0,185,161
0,186,139
0,186,161
0,187,139
0,187,161
0,188,139
0,188,161
0,189,139
0,189,161
0,190,139
0,190,161
0,191,139
0,191,161
0,192,139
0,192,161
0,193,139
0,193,161
0,194,139
0,194,161
0,195,139
0,195,140
0,195,141
0,195,142
0,195,143
0,195,144
0,195,145
0,195,146
0,195,147
0,195,148
0,195,149
0,195,150
0,195,151
0,195,152
0,195,153
0,195,154
0,195,155
0,195,156
0,195,157
0,195,158
0,195,159
0,195,160
